-2.1336759900373266 -0.10056556346726972 1.1787174430893061 -0.4146376414357213 0.41616007968605134 1.1152290073217566 0.9766660683155608 0.05102381553917315 2.79822732660031 1.327947836956053
-0.4499022345027466 -0.8631641617541297 0.32486200567460843 0.8879449457658856 -1.3624883228773395 -0.9070151563433132 0.9946920114785437 2.1898222525060884 2.804073596881536 -0.552676187926716
-3.0531485486671697 2.687646906144697 -0.3030994992092304 -2.145506449198664 0.136435649291953 0.8447013694034952 2.316370056022037 -0.2214316870934836 1.238993229427235 0.8394488923438459
1.0113301689174068 -0.2977271301647078 1.3382345000471492 -0.5076227380356929 0.4328853001406517 0.6850606733632606 -1.217541707984976 -0.219522386716185 -0.4821847036841712 0.0859025936849794
-1.222350226416062 -0.3161277317352277 0.24370126501662653 0.24455899932387848 -2.783196310308317 -0.7482421392359079 1.0929208602552825 0.9631511835965115 0.15614237336898584 1.8841984243288394
0.038580683331254695 -1.0244217350092455 -0.6370193172459202 1.1160102373614167 -1.727019963818449 0.6050013442440125 0.16113052248395368 0.04018890400948771 -1.102333319081365 0.05019328256031471
-0.2579997272356918 2.0488683941309365 0.8381887346949342 0.07582575953381362 0.0567544246254909 -2.2491291841338223 -0.5254559004534146 -0.015234617986124717 -0.3824648741512836 -0.7870207640693696
2.8208525465314804 -0.05706719106230013 -0.3474994749446689 -1.4943999549649007 -1.0304000975251155 -0.30602906876575997 0.25977594906449547 0.7401513452322678 -0.9039801762985017 -0.9262187460179833
1.6616751112056634 -0.4231527183578544 0.15914220285503225 0.3333988961422141 -0.008642644827041112 0.36642251159792805 1.3313915133185525 1.1175155348595978 -2.1194071947108393 0.1895727810487661
0.5277443488544848 -0.3947369295244969 -1.382315774198899 0.43208679135279815 -0.5977766667535415 -1.1859998042453395 2.3343067613591777 0.9496030283695536 -0.3754189966957542 -0.867492219845393
